16
3/10,1/10
11/20,1/10
13/20,3/10
9/10,3/10
9/10,11/20
7/10,13/20
7/10,9/10
9/20,9/10
7/20,7/10
1/10,7/10
1/10,9/20
3/10,7/20
7/10,2/5
2/5,3/10
3/5,7/10
3/10,3/5
105
5 13 15 12 0 1
3 12 14 13
4 13 3 12 4
5 13 3 12 14 4
3 1 13 12
4 1 13 15 0
4 1 13 12 14
5 1 13 3 4 12
3 13 10 15
5 13 10 1 15 0
3 15 14 13
4 15 14 12 13
6 15 14 13 3 12 4
5 15 14 1 13 0
5 15 14 1 13 12
4 15 14 13 10
5 15 14 13 10 12
7 15 14 13 10 3 12 4
6 15 14 13 10 1 12
3 12 15 13
4 12 15 14 13
5 12 15 13 3 4
4 12 15 1 13
4 12 15 13 10
5 12 15 13 10 14
6 12 15 13 10 3 4
5 12 15 13 10 1
4 12 15 14 13
3 12 15 14
6 12 15 14 13 3 4
5 12 15 14 1 13
5 9 14 10 15 13
6 9 14 12 10 15 13
8 9 14 13 3 12 10 15 4
7 9 14 1 13 10 15 0
7 9 14 1 13 12 10 15
4 9 14 15 10
5 9 14 15 13 10
7 9 14 15 13 10 1 0
5 9 14 7 10 15
6 9 14 7 13 10 15
8 9 14 7 13 10 1 0 15
6 9 14 12 15 10 13
5 9 14 12 15 10
8 9 14 12 15 13 3 10 4
7 9 14 12 15 1 13 10
6 9 14 12 15 13 10
6 9 14 12 15 13 10
8 9 14 12 15 13 10 3 4
7 9 14 12 15 13 10 1
7 9 14 12 15 7 13 10
9 9 14 12 15 7 13 10 3 4
8 9 14 12 15 7 13 10 1
4 4 14 13 12
3 4 14 12
5 4 14 13 3 12
5 4 14 1 13 12
6 4 14 1 13 3 12
5 4 14 15 13 12
6 4 14 15 1 13 12
6 4 14 15 13 10 12
7 4 14 15 13 10 1 12
5 4 14 12 15 13
6 4 14 12 15 13 3
6 4 14 12 15 13 10
7 4 14 12 15 13 10 3
4 4 14 12 15
6 4 14 12 15 13 3
7 4 14 12 15 1 13 3
7 4 14 9 10 15 13 12
8 4 14 9 1 13 10 15 12
6 4 14 9 12 15 10
8 4 14 9 12 15 13 3 10
9 4 14 9 12 15 1 13 3 10
7 4 14 9 12 15 13 10
6 7 6 12 14 13 15
7 7 6 13 10 12 14 15
6 7 6 15 14 13 12
5 7 6 15 14 12
8 7 6 15 14 13 3 4 12
7 7 6 15 14 1 13 12
8 7 6 9 14 10 15 13 12
7 7 6 9 14 12 10 15
10 7 6 9 14 13 3 10 15 4 12
9 7 6 9 14 1 13 10 15 12
8 7 6 9 14 13 10 12 15
8 7 6 9 14 15 13 10 12
10 7 6 9 14 15 13 10 3 4 12
9 7 6 9 14 15 13 10 1 12
8 7 6 9 14 10 15 13 12
10 7 6 9 14 13 3 10 15 4 12
9 7 6 9 14 1 13 10 15 12
7 7 6 9 14 12 15 10
8 7 6 9 14 12 15 13 10
7 7 6 4 14 13 15 12
8 7 6 4 14 13 3 12 15
8 7 6 4 14 13 10 15 12
9 7 6 4 14 13 10 3 12 15
6 7 6 4 14 15 12
8 7 6 4 14 15 13 3 12
9 7 6 4 14 15 1 13 3 12
8 7 6 4 14 9 10 15 12
10 7 6 4 14 9 13 3 10 15 12
11 7 6 4 14 9 1 13 3 10 15 12
9 7 6 4 14 9 13 10 15 12
3/10,1/10
11/20,1/10
13/20,3/10
9/10,3/10
9/10,11/20
7/10,13/20
7/10,9/10
9/20,9/10
7/20,7/10
1/10,7/10
1/10,9/20
3/10,7/20
7/10,2/5
2/5,3/10
3/5,7/10
3/10,3/5
